0 0 0 0 0 0 0
1 1 1 1 0 0 0
2 2 2 2 0 0 0
3 3 3 1 0 0 0
4 4 4 1 0 0 0
5 5 5 3 0 0 0
6 6 6 1 0 0 0
7 6 6 1 0 0 0
8 7 5 3 0 0 0
9 8 7 1 0 0 0
10 9 8 1 0 0 0
11 9 8 1 0 0 0
12 10 9 4 0 0 0
13 11 10 1 0 0 0
14 12 11 4 0 0 0
15 13 7 1 0 0 0
16 14 12 5 0 0 0
17 14 12 5 0 0 0
18 15 13 6 0 0 0
19 16 14 1 0 0 0
20 17 4 1 0 0 0
21 17 4 1 0 0 0
22 17 4 1 0 0 0
23 18 4 1 0 0 0
24 19 1 1 0 0 0
25 20 13 6 0 0 0
26 21 15 1 0 0 0
27 22 14 1 0 0 0
28 23 16 1 0 0 0
29 24 1 1 0 0 0
30 24 1 1 0 0 0
31 25 17 7 0 0 0
32 26 8 1 0 0 0
33 26 8 1 0 0 0
34 27 18 1 0 0 0
35 28 19 1 0 0 0
36 29 11 4 0 0 0
37 30 20 1 0 0 0
38 31 1 1 0 0 0
39 31 1 1 0 0 0
40 31 1 1 0 0 0
41 32 21 1 0 0 0
42 33 22 1 0 0 0
43 34 11 4 0 0 0
44 34 11 4 0 0 0
45 34 11 4 0 0 0
46 34 11 4 0 0 0
47 34 11 4 0 0 0
48 35 2 2 0 0 0
49 36 23 8 0 0 0
50 37 13 6 0 0 0
51 37 13 6 0 0 0
52 38 21 1 0 0 0
53 38 21 1 0 0 0
54 39 2 2 0 0 0
55 40 1 1 0 0 0
56 41 14 1 0 0 0
57 42 4 1 0 0 0
58 43 8 1 0 0 0
59 43 8 1 0 0 0
60 43 8 1 0 0 0
61 44 8 1 0 0 0
62 44 8 1 0 0 0
63 45 24 1 0 0 0
64 46 21 1 0 0 0
65 47 21 1 0 0 0
66 48 25 1 0 0 0
67 48 25 1 0 0 0
68 48 25 1 0 0 0
69 48 25 1 0 0 0
70 49 26 9 0 0 0
71 50 27 10 0 0 0
72 51 25 1 0 0 0
73 52 18 1 0 0 0
74 53 21 1 0 0 0
75 53 21 1 0 0 0
76 54 25 1 0 0 0
77 54 25 1 0 0 0
78 55 0 0 0 0 0
79 55 0 0 0 0 0
80 56 0 0 0 0 0
81 57 21 1 0 0 0
82 58 8 1 0 0 0
83 59 1 1 0 0 0
84 60 19 1 0 0 0
85 61 8 1 0 0 0
86 62 5 3 0 0 0
87 63 8 1 0 0 0
88 63 8 1 0 0 0
89 63 8 1 0 0 0
90 63 8 1 0 0 0
91 63 8 1 0 0 0
92 63 8 1 0 0 0
93 63 8 1 0 0 0
94 63 8 1 0 0 0
95 63 8 1 0 0 0
96 63 8 1 0 0 0
97 64 28 1 0 0 0
98 65 18 1 0 0 0
99 66 21 1 0 0 0
100 66 21 1 0 0 0
101 66 21 1 0 0 0
102 66 21 1 0 0 0
103 67 11 4 0 0 0
104 67 11 4 0 0 0
105 68 1 1 0 0 0
106 69 19 1 0 0 0
107 70 7 1 0 0 0
108 71 7 1 0 0 0
109 72 15 1 0 0 0
110 73 7 1 0 0 0
111 73 7 1 0 0 0
112 74 14 1 0 0 0
113 75 8 1 0 0 0
114 76 29 1 0 0 0
115 76 29 1 0 0 0
116 76 29 1 0 0 0
117 76 29 1 0 0 0
118 76 29 1 0 0 0
119 77 1 1 0 0 0
120 78 21 1 0 0 0
121 78 21 1 0 0 0
122 78 21 1 0 0 0
