0 0 0 0 0 0 0
1 0 0 0 0 0 0
2 1 0 0 0 0 0
3 2 1 1 0 0 0
4 3 2 2 0 0 0
5 3 2 2 0 0 0
6 3 2 2 0 0 0
7 4 2 2 0 0 0
8 5 3 3 0 0 0
9 6 3 3 0 0 0
10 5 3 3 0 0 0
11 7 3 3 0 0 0
12 8 3 3 0 0 0
13 9 4 3 0 0 0
14 9 4 3 0 0 0
15 9 4 3 0 0 0
16 10 4 3 0 0 0
17 11 5 3 0 0 0
18 12 6 3 0 0 0
19 13 7 3 0 0 0
20 14 8 3 0 0 0
21 15 9 4 0 0 0
22 16 10 5 0 0 0
23 16 10 5 0 0 0
24 16 10 5 0 0 0
25 17 3 3 0 0 0
26 17 3 3 0 0 0
27 18 11 3 0 0 0
28 19 12 3 0 0 0
29 19 12 3 0 0 0
30 20 1 1 0 0 0
31 20 1 1 0 0 0
32 20 1 1 0 0 0
33 21 13 3 0 0 0
34 22 13 3 0 0 0
35 23 14 6 0 0 0
36 24 15 3 0 0 0
37 25 15 3 0 0 0
38 24 15 3 0 0 0
39 26 15 3 0 0 0
40 27 15 3 0 0 0
41 28 15 3 0 0 0
42 24 15 3 0 0 0
43 29 16 5 0 0 0
44 30 17 0 0 0 0
45 31 18 7 0 0 0
46 32 13 3 0 0 0
47 33 13 3 0 0 0
48 34 3 3 0 0 0
49 35 19 8 0 0 0
50 35 19 8 0 0 0
51 36 19 8 0 0 0
52 37 19 8 0 0 0
53 9 4 3 0 0 0
54 38 13 3 0 0 0
55 39 13 3 0 0 0
56 40 4 3 0 0 0
57 41 2 2 0 0 0
58 42 20 2 0 0 0
59 42 20 2 0 0 0
60 42 20 2 0 0 0
61 42 20 2 0 0 0
62 43 20 2 0 0 0
63 42 20 2 0 0 0
64 42 20 2 0 0 0
65 42 20 2 0 0 0
66 44 21 9 0 0 0
67 45 21 9 0 0 0
68 46 21 9 0 0 0
69 47 21 9 0 0 0
70 48 22 2 0 0 0
71 48 22 2 0 0 0
72 49 12 3 0 0 0
73 50 12 3 0 0 0
74 51 12 3 0 0 0
75 52 8 3 0 0 0
76 27 15 3 0 0 0
77 27 15 3 0 0 0
78 53 23 10 0 0 0
79 54 23 10 0 0 0
80 55 23 10 0 0 0
81 53 23 10 0 0 0
82 56 23 10 0 0 0
83 57 20 2 0 0 0
84 58 24 3 0 0 0
85 59 25 11 0 0 0
86 60 18 7 0 0 0
87 61 3 3 0 0 0
88 62 18 7 0 0 0
89 63 18 7 0 0 0
90 64 26 12 0 0 0
91 65 9 4 0 0 0
92 66 12 3 0 0 0
93 67 27 3 0 0 0
94 68 3 3 0 0 0
95 68 3 3 0 0 0
96 68 3 3 0 0 0
97 68 3 3 0 0 0
98 69 28 3 0 0 0
99 70 29 13 0 0 0
100 70 29 13 0 0 0
101 26 15 3 0 0 0
102 71 15 3 0 0 0
103 72 30 3 0 0 0
104 15 9 4 0 0 0
105 73 2 2 0 0 0
106 19 12 3 0 0 0
107 19 12 3 0 0 0
108 74 28 3 0 0 0
109 75 1 1 0 0 0
110 76 31 3 0 0 0
111 76 31 3 0 0 0
112 77 8 3 0 0 0
113 78 8 3 0 0 0
114 79 8 3 0 0 0
115 79 8 3 0 0 0
116 79 8 3 0 0 0
117 80 32 3 0 0 0
118 79 8 3 0 0 0
119 81 8 3 0 0 0
120 77 8 3 0 0 0
121 82 8 3 0 0 0
122 77 8 3 0 0 0
123 83 8 3 0 0 0
124 84 8 3 0 0 0
125 83 8 3 0 0 0
126 85 8 3 0 0 0
127 83 8 3 0 0 0
128 84 8 3 0 0 0
129 80 32 3 0 0 0
130 86 8 3 0 0 0
131 82 8 3 0 0 0
132 82 8 3 0 0 0
133 87 33 3 0 0 0
134 88 34 3 0 0 0
135 89 34 3 0 0 0
136 90 34 3 0 0 0
137 91 34 3 0 0 0
138 92 4 3 0 0 0
139 92 4 3 0 0 0
140 93 20 2 0 0 0
141 94 20 2 0 0 0
142 95 20 2 0 0 0
143 93 20 2 0 0 0
144 96 20 2 0 0 0
145 93 20 2 0 0 0
146 97 20 2 0 0 0
147 14 8 3 0 0 0
148 98 6 3 0 0 0
149 99 6 3 0 0 0
150 100 35 3 0 0 0
151 100 35 3 0 0 0
152 100 35 3 0 0 0
153 100 35 3 0 0 0
154 100 35 3 0 0 0
155 100 35 3 0 0 0
156 100 35 3 0 0 0
157 74 28 3 0 0 0
158 101 28 3 0 0 0
159 74 28 3 0 0 0
160 102 28 3 0 0 0
161 103 28 3 0 0 0
162 74 28 3 0 0 0
163 74 28 3 0 0 0
164 74 28 3 0 0 0
165 102 28 3 0 0 0
166 74 28 3 0 0 0
167 104 28 3 0 0 0
168 74 28 3 0 0 0
169 104 28 3 0 0 0
170 74 28 3 0 0 0
171 105 28 3 0 0 0
172 105 28 3 0 0 0
173 74 28 3 0 0 0
174 74 28 3 0 0 0
175 74 28 3 0 0 0
176 106 28 3 0 0 0
177 107 28 3 0 0 0
178 105 28 3 0 0 0
179 103 28 3 0 0 0
180 108 28 3 0 0 0
181 74 28 3 0 0 0
182 109 28 3 0 0 0
183 109 28 3 0 0 0
184 110 36 3 0 0 0
185 110 36 3 0 0 0
186 111 14 6 0 0 0
187 112 14 6 0 0 0
188 113 14 6 0 0 0
189 114 14 6 0 0 0
190 113 14 6 0 0 0
191 115 14 6 0 0 0
192 116 37 3 0 0 0
193 117 37 3 0 0 0
194 118 37 3 0 0 0
195 119 37 3 0 0 0
196 120 37 3 0 0 0
197 121 37 3 0 0 0
198 119 37 3 0 0 0
199 104 28 3 0 0 0
